5 10
1 2 1 2 1 2 1 2 1 1
2 1 2 1 2 1 2 1 2 1
1 2 1 2 1 2 1 2 1 1
2 1 2 1 2 1 1 1 1 1
1 1 1 1 1 1 10 10 10 10
5 10
1 2 1 2 1 2 1 2 1 1
2 1 2 1 2 1 2 1 2 10
1 2 1 2 1 2 1 2 1 10
2 1 2 1 2 1 1 1 1 10
1 1 1 1 1 1 1 1 1 10
5 10
1 2 1 2 1 2 1 2 1 1
2 1 2 1 2 1 2 1 2 1
1 2 1 2 1 2 1 2 1 1
2 1 2 1 2 1 1 1 10 10
1 1 1 1 1 1 1 1 10 10
5 10
1 2 1 2 1 2 1 2 1 1
2 1 2 1 2 1 2 1 2 1
1 2 1 2 1 2 1 2 10 1
2 1 2 1 2 1 1 1 10 1
1 1 1 1 1 1 1 1 10 10
5 10
1 2 1 2 1 2 1 2 1 1
2 1 2 1 2 1 2 1 2 1
1 2 1 2 1 2 1 2 1 10
2 1 2 1 2 1 1 1 1 10
1 1 1 1 1 1 1 1 10 10
5 10
1 2 1 2 1 2 1 2 1 1
2 1 2 1 2 1 2 1 2 1
1 2 1 2 1 2 1 2 1 1
2 1 2 1 2 1 1 10 10 10
1 1 1 1 1 1 1 10 1 1
5 10
1 2 1 2 1 2 1 2 1 1
2 1 2 1 2 1 2 1 2 1
1 2 1 2 1 2 1 2 1 1
2 1 2 1 2 1 1 10 10 10
1 1 1 1 1 1 1 1 1 10
5 10
1 2 1 2 1 2 1 2 1 1
2 1 2 1 2 1 2 1 2 1
1 2 1 2 1 2 1 2 10 10
2 1 2 1 2 1 1 1 10 1
1 1 1 1 1 1 1 1 10 1
5 10
1 2 1 2 1 2 1 2 1 1
2 1 2 1 2 1 2 1 2 1
1 2 1 2 1 2 1 2 10 10
2 1 2 1 2 1 1 1 1 10
1 1 1 1 1 1 1 1 1 10
5 10
1 2 1 2 1 2 1 2 1 1
2 1 2 1 2 1 2 1 2 1
1 2 1 2 1 2 1 2 1 1
2 1 2 1 2 1 1 1 1 10
1 1 1 1 1 1 1 10 10 10
5 10
1 2 1 2 1 2 1 2 1 1
2 1 2 1 2 1 2 1 2 1
1 2 1 2 1 2 1 2 1 1
2 1 2 1 2 1 1 10 1 1
1 1 1 1 1 1 1 10 10 10
5 10
1 2 1 2 1 2 1 2 1 1
2 1 2 1 2 1 2 1 2 1
1 2 1 2 1 2 1 2 10 1
2 1 2 1 2 1 1 1 10 10
1 1 1 1 1 1 1 1 1 10
5 10
1 2 1 2 1 2 1 2 1 1
2 1 2 1 2 1 2 1 2 1
1 2 1 2 1 2 1 2 1 10
2 1 2 1 2 1 1 1 10 10
1 1 1 1 1 1 1 1 10 1
5 10
1 2 1 2 1 2 1 2 1 1
2 1 2 1 2 1 2 1 2 1
1 2 1 2 1 2 1 2 1 1
2 1 2 1 2 1 1 1 10 10
1 1 1 1 1 1 1 10 10 1
5 10
1 2 1 2 1 2 1 2 1 1
2 1 2 1 2 1 2 1 2 1
1 2 1 2 1 2 1 2 1 1
2 1 2 1 2 1 1 10 10 1
1 1 1 1 1 1 1 1 10 10
5 10
1 2 1 2 1 2 1 2 1 1
2 1 2 1 2 1 2 1 2 1
1 2 1 2 1 2 1 2 1 1
2 1 2 1 2 1 1 1 10 1
1 1 1 1 1 1 1 10 10 10
5 10
1 2 1 2 1 2 1 2 1 1
2 1 2 1 2 1 2 1 2 1
1 2 1 2 1 2 1 2 10 1
2 1 2 1 2 1 1 1 10 10
1 1 1 1 1 1 1 1 10 1
5 10
1 2 1 2 1 2 1 2 1 1
2 1 2 1 2 1 2 1 2 1
1 2 1 2 1 2 1 2 1 1
2 1 2 1 2 1 1 10 10 10
1 1 1 1 1 1 1 1 10 1
5 10
1 2 1 2 1 2 1 2 1 1
2 1 2 1 2 1 2 1 2 1
1 2 1 2 1 2 1 2 1 10
2 1 2 1 2 1 1 1 10 10
1 1 1 1 1 1 1 1 1 10